0.000000 0.000000 0.000000 0.000000 0.000000 0.000000 0.000000 0.000000 0.000000 0.000000
1.050000 1.168000 1.334815 1.560000 1.815556 2.088889 2.380000 2.688889 3.015556 3.360000
1.785000 2.304140 2.601050 2.997432 3.497654 4.047185 4.633852 5.257654 5.918593 6.616667
2.299500 3.331972 3.821792 4.372092 5.053509 5.873520 6.759630 7.703953 8.706492 9.767244
2.659650 4.221205 4.996235 5.690315 6.550978 7.571665 8.755649 10.025605 11.376728 12.809019
2.927720 4.967585 6.102228 6.966558 7.990690 9.214067 10.626053 12.220622 13.926897 15.739332
3.142176 5.584821 7.121913 8.207049 9.377729 10.800166 12.443256 14.298685 16.354736 18.555601
3.313741 6.093307 8.045011 9.401171 10.725007 12.330971 14.206535 16.327474 18.681454 21.255342
3.450993 6.510824 8.868602 10.538377 12.044716 13.810796 15.915570 18.306112 20.965139 23.877953
3.560794 6.852670 9.594736 11.609724 13.331575 15.246144 17.571123 20.233824 23.204761 26.466671
3.654715 7.134799 10.228640 12.608577 14.579642 16.658959 19.175294 22.110129 25.399329 29.020480
3.739243 7.383050 10.778118 13.530790 15.782850 18.047061 20.734816 23.935030 27.547926 31.538365
3.815319 7.601832 11.255302 14.374729 16.935480 19.407430 22.260285 25.709805 29.649767 34.019321
3.883787 7.794926 11.670469 15.141649 18.032544 20.736637 23.765943 27.437488 31.704365 36.462366
3.945408 7.965588 12.032339 15.834701 19.070183 22.031023 25.250426 29.123233 33.711742 38.866566
4.000867 8.116622 12.348318 16.458205 20.045797 23.286897 26.712098 30.776681 35.672661 41.231084
4.050781 8.250453 12.624711 17.017129 20.958030 24.500732 28.149074 32.412868 37.589168 43.555241
4.095703 8.369179 12.876830 17.516721 21.806668 25.669327 29.559273 34.031127 39.465184 45.838634
4.136132 8.474620 13.107606 17.964344 22.592477 26.789928 30.940479 35.630660 41.303968 48.081289
4.172519 8.569489 13.318328 18.366429 23.317413 27.860310 32.290413 37.210544 43.125570 50.283557
4.205267 8.659095 13.510514 18.728328 23.984236 28.878876 33.606801 38.769732 44.932668 52.447758
4.234741 8.743584 13.686287 19.054587 24.596173 29.844680 34.887450 40.307068 46.724892 54.576249
4.261266 8.823121 13.847454 19.349244 25.156687 30.757404 36.130317 41.821302 48.501822 56.671113
4.285140 8.897888 13.995561 19.615868 25.669347 31.617296 37.333568 43.311114 50.262991 58.754035
4.306626 8.968074 14.131933 19.861025 26.137721 32.425104 38.495615 44.775135 52.007879 60.827303
4.325963 9.033877 14.257716 20.090952 26.565916 33.181997 39.615154 46.211978 53.735914 62.890721
4.343367 9.095498 14.373902 20.306299 26.958422 33.889584 40.691175 47.620264 55.446478 64.944076
4.359030 9.153139 14.481357 20.507763 27.319040 34.549910 41.722984 48.998646 57.138905 66.987148
4.373127 9.207003 14.580842 20.696067 27.651010 35.165280 42.710215 50.345836 58.812489 69.019701
4.385814 9.257287 14.673028 20.871935 27.957120 35.738139 43.652823 51.660630 60.466490 71.041485
4.397233 9.304188 14.761102 21.036088 28.239787 36.270986 44.551061 52.941928 62.100139 73.052235
4.407510 9.347896 14.845882 21.189590 28.501121 36.766307 45.405452 54.188750 63.712646 75.051672
4.416759 9.388594 14.927377 21.333471 28.743046 37.226529 46.216755 55.400253 65.303212 77.039501
4.425083 9.426462 15.005607 21.468618 28.968563 37.654006 46.985927 56.575738 66.871035 79.015413
4.432575 9.461672 15.080609 21.595796 29.183237 38.051190 47.714097 57.714655 68.415317 80.979081
4.439317 9.494386 15.152427 21.715670 29.387410 38.420997 48.402548 58.816605 69.935277 82.930168
4.445385 9.524763 15.221117 21.828816 29.581468 38.765959 49.052762 59.881340 71.430157 84.868322
4.450847 9.552953 15.286742 21.935738 29.765817 39.088285 49.666346 60.908768 72.899228 86.793177
4.455762 9.579096 15.349373 22.036879 29.940874 39.389915 50.244978 61.898950 74.341800 88.704358
4.460186 9.603330 15.409084 22.132628 30.107061 39.672559 50.790371 62.852092 75.757229 90.601481
4.464167 9.625780 15.465957 22.223332 30.264796 39.937734 51.304233 63.768537 77.144921 92.484154
4.467751 9.646568 15.520076 22.309299 30.414487 40.186793 51.788253 64.648750 78.504338 94.351977
4.470976 9.665808 15.571529 22.392054 30.556531 40.420947 52.244078 65.493305 79.835003 96.204548
4.473878 9.683606 15.620404 22.472617 30.691460 40.641285 52.673303 66.302875 81.136501 98.041461
4.476490 9.700064 15.666794 22.550962 30.819866 40.848811 53.077460 67.078213 82.408483 99.862313
4.478841 9.715276 15.710789 22.627070 30.942264 41.045917 53.458023 67.820146 83.650667 101.666698
4.480957 9.729330 15.752481 22.700931 31.059107 41.235551 53.816570 68.529554 84.862836 103.454217
4.482861 9.742310 15.791962 22.772539 31.170793 41.417907 54.154848 69.207386 86.044839 105.224475
4.484575 9.754293 15.829324 22.841899 31.277669 41.593196 54.474415 69.854657 87.196592 106.977086
4.486118 9.765352 15.864654 22.909019 31.380043 41.761643 54.776668 70.472436 88.318076 108.711671
4.487506 9.775554 15.898044 22.973913 31.478187 41.923483 55.062865 71.061817 89.409337 110.427863
4.488755 9.784963 15.929578 23.036602 31.572341 42.078953 55.334140 71.623911 90.470486 112.125308
4.489880 9.793638 15.959342 23.097110 31.662719 42.228292 55.591517 72.159832 91.501691 113.803663
4.490892 9.801633 15.987419 23.155467 31.749513 42.371735 55.835930 72.670683 92.503180 115.462604
4.491803 9.808999 16.013889 23.211703 31.832894 42.509513 56.068227 73.157555 93.475230 117.101821
4.492622 9.815785 16.038831 23.265856 31.913017 42.641851 56.289181 73.621516 94.418170 118.721023
4.493360 9.822034 16.062321 23.317965 31.990025 42.768967 56.499501 74.063606 95.332370 120.319938
4.494024 9.827786 16.084431 23.368070 32.065035 42.891073 56.699837 74.484836 96.218244 121.898311
4.494622 9.833081 16.105233 23.416215 32.138550 43.008469 56.890786 74.886186 97.076240 123.455909
4.495160 9.837953 16.124794 23.462446 32.210543 43.121477 57.072908 75.268600 97.906837 124.992519
4.495644 9.842435 16.143180 23.506810 32.280991 43.230384 57.246736 75.632988 98.710543 126.507948
4.496079 9.846557 16.160454 23.549356 32.349873 43.335445 57.413428 75.980225 99.487889 128.002026
4.496471 9.850347 16.176676 23.590133 32.417176 43.436887 57.575189 76.311214 100.239429 129.474602
4.496824 9.853832 16.191903 23.629191 32.482886 43.534916 57.732125 76.626971 100.965737 130.925547
4.497142 9.857035 16.206190 23.666581 32.546998 43.629713 57.884348 76.928435 101.667411 132.354753
4.497428 9.859978 16.219591 23.702354 32.609506 43.721442 58.031978 77.216467 102.345072 133.762132
4.497685 9.862681 16.232155 23.736560 32.670410 43.810248 58.175135 77.491863 102.999356 135.147620
4.497916 9.865165 16.243931 23.769252 32.729713 43.896264 58.313944 77.755358 103.630906 136.511173
4.498125 9.867446 16.254963 23.800479 32.787418 43.979609 58.448529 78.007630 104.240373 137.852765
4.498312 9.869540 16.265295 23.830293 32.843535 44.060390 58.579016 78.249311 104.828409 139.172393
4.498481 9.871463 16.274968 23.858743 32.898074 44.138705 58.705526 78.480985 105.395663 140.470073
4.498633 9.873228 16.284021 23.885879 32.951048 44.214642 58.828180 78.703193 105.942782 141.745841
4.498770 9.874848 16.292491 23.911749 33.002471 44.288282 58.947097 78.916442 106.470407 142.999749
4.498893 9.876334 16.300413 23.936401 33.052361 44.359701 59.062392 79.121201 106.979169 144.231869
4.499003 9.877698 16.307820 23.959882 33.100737 44.428967 59.174177 79.317908 107.469691 145.442288
4.499103 9.878949 16.314743 23.982237 33.147619 44.496144 59.282560 79.506972 107.942584 146.631110
4.499193 9.880096 16.321213 24.003513 33.193029 44.562051 59.387647 79.688775 108.398447 147.798454
4.499273 9.881148 16.327257 24.023752 33.236992 44.626933 59.489599 79.863674 108.837867 148.944454
4.499346 9.882113 16.332902 24.042997 33.279531 44.690770 59.588586 80.032007 109.261415 150.069256
4.499412 9.882997 16.338172 24.061291 33.320672 44.753541 59.684760 80.194099 109.669651 151.173021
4.499470 9.883808 16.343091 24.078672 33.360442 44.815231 59.778263 80.350259 110.063118 152.255920
4.499523 9.884551 16.347682 24.095182 33.398869 44.875825 59.869220 80.500779 110.442346 153.318136
4.499571 9.885231 16.351965 24.110857 33.435981 44.935310 59.957749 80.645939 110.807852 154.359862
4.499614 9.885855 16.355959 24.125734 33.471807 44.993677 60.043954 80.786002 111.160137 155.381302
4.499653 9.886427 16.359684 24.139850 33.506376 45.050917 60.127931 80.921217 111.499689 156.382667
4.499687 9.886951 16.363157 24.153238 33.539718 45.107023 60.209770 81.052287 111.826981 157.364178
4.499719 9.887430 16.366394 24.165933 33.571863 45.161991 60.289551 81.180402 112.142499 158.326062
4.499747 9.887869 16.369410 24.177965 33.602840 45.215818 60.367346 81.305618 112.446773 159.268555
4.499772 9.888272 16.372220 24.189366 33.632681 45.268503 60.443224 81.427988 112.740304 160.191902
4.499795 9.888640 16.374838 24.200166 33.661415 45.320045 60.517246 81.547569 113.023565 161.096354
4.499815 9.888977 16.377275 24.210393 33.689074 45.370447 60.589470 81.664416 113.297005 161.982170
4.499834 9.889286 16.379545 24.220075 33.715686 45.419712 60.659948 81.778586 113.561050 162.849615
4.499850 9.889569 16.381657 24.229238 33.741283 45.467844 60.728729 81.890135 113.816102 163.698958
4.499865 9.889827 16.383624 24.237907 33.765893 45.514849 60.795858 81.999117 114.062544 164.530472
4.499879 9.890064 16.385453 24.246107 33.789548 45.560734 60.861378 82.105588 114.300739 165.344435
4.499891 9.890281 16.387155 24.253861 33.812275 45.605508 60.925326 82.209602 114.531030 166.141124
4.499902 9.890479 16.388739 24.261192 33.834103 45.649180 60.987741 82.311212 114.753744 166.920821
4.499912 9.890660 16.390211 24.268120 33.855062 45.691760 61.048656 82.410471 114.969192 167.683809
4.499921 9.890826 16.391581 24.274667 33.875179 45.733258 61.108104 82.507428 115.177669 168.430370
4.499928 9.890978 16.392854 24.280851 33.894481 45.773687 61.166116 82.602136 115.379454 169.160789
4.499936 9.891117 16.394037 24.286691 33.912997 45.813060 61.222722 82.694641 115.574815 169.875349
4.499942 9.891244 16.395137 24.292205 33.930752 45.851391 61.278336 82.784993 115.764005 170.574333
4.499948 9.891360 16.396159 24.297410 33.947772 45.888692 61.333258 82.873260 115.947264 171.258023
4.499953 9.891466 16.397108 24.302323 33.964084 45.924979 61.387475 82.959526 116.124824 171.926700
4.499958 9.891564 16.397990 24.306958 33.979711 45.960268 61.440975 83.043870 116.296906 172.580644
4.499962 9.891652 16.398809 24.311330 33.994680 45.994573 61.493747 83.126363 116.463724 173.220132
4.499966 9.891734 16.399570 24.315453 34.009012 46.027912 61.545780 83.207073 116.625482 173.845440
4.499969 9.891808 16.400276 24.319342 34.022732 46.060300 61.597065 83.286062 116.782378 174.456841
4.499972 9.891876 16.400932 24.323007 34.035862 46.091755 61.647595 83.363389 116.934599 175.054607
4.499975 9.891938 16.401541 24.326462 34.048424 46.122294 61.697361 83.439108 117.082326 175.639007
4.499978 9.891994 16.402106 24.329717 34.060439 46.151934 61.746359 83.513270 117.225733 176.210306
4.499980 9.892046 16.402631 24.332785 34.071929 46.180692 61.794582 83.585922 117.364985 176.768769
4.499982 9.892094 16.403117 24.335674 34.082914 46.208588 61.842026 83.657108 117.500241 177.314656
4.499984 9.892137 16.403569 24.338395 34.093413 46.235637 61.888688 83.726870 117.631653 177.848223
4.499985 9.892176 16.403987 24.340957 34.103445 46.261859 61.934566 83.795245 117.759366 178.369726
4.499987 9.892213 16.404376 24.343369 34.113029 46.287272 61.979658 83.862271 117.883519 178.879415
4.499988 9.892246 16.404736 24.345640 34.122183 46.311893 62.023963 83.927981 118.004244 179.377538
4.499989 9.892276 16.405070 24.347776 34.130924 46.335741 62.067480 83.992407 118.121668 179.864340
4.499990 9.892303 16.405380 24.349787 34.139268 46.358833 62.110210 84.055578 118.235913 180.340059
4.499991 9.892328 16.405667 24.351678 34.147233 46.381188 62.152155 84.117522 118.347093 180.804935
4.499992 9.892351 16.405933 24.353458 34.154833 46.402824 62.193317 84.178267 118.455318 181.259200
4.499993 9.892372 16.406180 24.355131 34.162084 46.423758 62.233697 84.237837 118.560695 181.703083
4.499994 9.892392 16.406409 24.356704 34.169000 46.444007 62.273299 84.296255 118.663324 182.136812
4.499994 9.892409 16.406621 24.358184 34.175595 46.463590 62.312128 84.353544 118.763300 182.560607
4.499995 9.892425 16.406817 24.359574 34.181884 46.482524 62.350186 84.409726 118.860714 182.974688
4.499995 9.892440 16.406999 24.360881 34.187879 46.500825 62.387480 84.464820 118.955655 183.379269
4.499996 9.892453 16.407168 24.362110 34.193592 46.518511 62.424013 84.518846 119.048205 183.774560
4.499996 9.892465 16.407324 24.363264 34.199037 46.535599 62.459793 84.571823 119.139031 184.160770
4.499997 9.892476 16.407469 24.364348 34.204224 46.552104 62.494826 84.623768 119.228342 184.538117
4.499997 9.892487 16.407603 24.365366 34.209164 46.568043 62.529117 84.674698 119.316159 184.906824
4.499997 9.892496 16.407727 24.366323 34.213870 46.583433 62.562674 84.724630 119.402501 185.267104
4.499998 9.892504 16.407841 24.367221 34.218350 46.598288 62.595504 84.773579 119.487386 185.619166
4.499998 9.892512 16.407948 24.368065 34.222616 46.612624 62.627615 84.821561 119.570834 185.963213
4.499998 9.892519 16.408046 24.368856 34.226676 46.626457 62.659016 84.868591 119.652863 186.299441
4.499998 9.892525 16.408137 24.369600 34.230540 46.639801 62.689713 84.914683 119.733492 186.628044
4.499998 9.892531 16.408222 24.370297 34.234217 46.652672 62.719717 84.959852 119.812740 186.949207
4.499999 9.892537 16.408300 24.370952 34.237715 46.665082 62.749035 85.004110 119.890624 187.263113
4.499999 9.892542 16.408372 24.371566 34.241043 46.677047 62.777677 85.047792 119.967164 187.569939
4.499999 9.892546 16.408439 24.372143 34.244208 46.688580 62.805652 85.091021 120.042389 187.869855
4.499999 9.892550 16.408501 24.372684 34.247217 46.699695 62.832969 85.133794 120.116334 188.163031
4.499999 9.892554 16.408558 24.373191 34.250078 46.710405 62.859638 85.176102 120.189032 188.449631
4.499999 9.892557 16.408611 24.373666 34.252798 46.720722 62.885669 85.217942 120.260515 188.729813
4.499999 9.892560 16.408660 24.374113 34.255384 46.730659 62.911071 85.259307 120.330812 189.003734
4.499999 9.892563 16.408706 24.374531 34.257841 46.740228 62.935854 85.300193 120.399952 189.271546
4.499999 9.892566 16.408748 24.374923 34.260176 46.749442 62.960029 85.340596 120.467962 189.533398
4.499999 9.892568 16.408786 24.375291 34.262394 46.758312 62.983606 85.380513 120.534867 189.789435
4.499999 9.892570 16.408822 24.375636 34.264501 46.766850 63.006594 85.419939 120.600693 190.039798
4.500000 9.892572 16.408855 24.375959 34.266502 46.775066 63.029004 85.458872 120.665463 190.284625
4.500000 9.892574 16.408886 24.376261 34.268403 46.782971 63.050847 85.497309 120.729199 190.524050
4.500000 9.892576 16.408914 24.376545 34.270208 46.790576 63.072132 85.535248 120.791924 190.758205
4.500000 9.892577 16.408941 24.376811 34.271921 46.797891 63.092869 85.572688 120.853657 190.987216
4.500000 9.892579 16.408965 24.377060 34.273548 46.804926 63.113070 85.609627 120.914418 191.211209
4.500000 9.892580 16.408987 24.377293 34.275092 46.811690 63.132745 85.646064 120.974226 191.430306
4.500000 9.892581 16.409008 24.377512 34.276558 46.818193 63.151902 85.681997 121.033100 191.644623
4.500000 9.892582 16.409027 24.377717 34.277948 46.824445 63.170554 85.717428 121.091056 191.854277
4.500000 9.892583 16.409045 24.377908 34.279268 46.830453 63.188710 85.752355 121.148110 192.059381
4.500000 9.892584 16.409061 24.378088 34.280519 46.836228 63.206379 85.786779 121.204280 192.260043
4.500000 9.892585 16.409076 24.378256 34.281707 46.841775 63.223573 85.820700 121.259580 192.456370
4.500000 9.892585 16.409090 24.378414 34.282833 46.847105 63.240301 85.854120 121.314025 192.648466
4.500000 9.892586 16.409103 24.378561 34.283901 46.852225 63.256574 85.887039 121.367629 192.836433
4.500000 9.892586 16.409115 24.378699 34.284914 46.857142 63.272400 85.919458 121.420405 193.020369
4.500000 9.892587 16.409126 24.378828 34.285875 46.861864 63.287789 85.951380 121.472367 193.200370
4.500000 9.892588 16.409136 24.378949 34.286785 46.866398 63.302752 85.982805 121.523528 193.376530
4.500000 9.892588 16.409146 24.379062 34.287648 46.870751 63.317298 86.013737 121.573899 193.548940
4.500000 9.892588 16.409155 24.379168 34.288467 46.874929 63.331436 86.044177 121.623492 193.717689
4.500000 9.892589 16.409163 24.379267 34.289242 46.878939 63.345176 86.074128 121.672320 193.882863
4.500000 9.892589 16.409170 24.379360 34.289977 46.882788 63.358526 86.103593 121.720392 194.044546
4.500000 9.892589 16.409177 24.379446 34.290673 46.886480 63.371497 86.132574 121.767720 194.202822
4.500000 9.892590 16.409183 24.379528 34.291333 46.890023 63.384096 86.161075 121.814314 194.357769
4.500000 9.892590 16.409189 24.379603 34.291958 46.893422 63.396333 86.189099 121.860185 194.509465
4.500000 9.892590 16.409194 24.379674 34.292550 46.896682 63.408217 86.216650 121.905341 194.657987
4.500000 9.892590 16.409199 24.379741 34.293111 46.899809 63.419756 86.243730 121.949794 194.803407
4.500000 9.892591 16.409204 24.379803 34.293642 46.902807 63.430958 86.270344 121.993551 194.945799
4.500000 9.892591 16.409208 24.379861 34.294145 46.905682 63.441832 86.296496 122.036623 195.085231
4.500000 9.892591 16.409212 24.379915 34.294621 46.908439 63.452386 86.322189 122.079018 195.221773
4.500000 9.892591 16.409216 24.379966 34.295072 46.911081 63.462628 86.347429 122.120745 195.355491
4.500000 9.892591 16.409219 24.380014 34.295499 46.913614 63.472566 86.372218 122.161812 195.486448
4.500000 9.892591 16.409222 24.380058 34.295903 46.916042 63.482208 86.396562 122.202228 195.614709
4.500000 9.892591 16.409225 24.380100 34.296286 46.918368 63.491561 86.420464 122.242002 195.740335
4.500000 9.892592 16.409228 24.380138 34.296648 46.920597 63.500634 86.443931 122.281140 195.863385
4.500000 9.892592 16.409230 24.380175 34.296991 46.922733 63.509432 86.466965 122.319652 195.983917
4.500000 9.892592 16.409232 24.380208 34.297315 46.924780 63.517964 86.489572 122.357544 196.101989
4.500000 9.892592 16.409235 24.380240 34.297622 46.926740 63.526237 86.511757 122.394825 196.217656
4.500000 9.892592 16.409236 24.380270 34.297913 46.928617 63.534257 86.533525 122.431503 196.330971
4.500000 9.892592 16.409238 24.380297 34.298187 46.930415 63.542031 86.554880 122.467584 196.441987
4.500000 9.892592 16.409240 24.380323 34.298447 46.932137 63.549567 86.575828 122.503075 196.550755
4.500000 9.892592 16.409241 24.380347 34.298693 46.933786 63.556869 86.596374 122.537986 196.657325
4.500000 9.892592 16.409243 24.380370 34.298926 46.935365 63.563946 86.616522 122.572321 196.761744
4.500000 9.892592 16.409244 24.380391 34.299146 46.936876 63.570803 86.636278 122.606089 196.864062
4.500000 9.892592 16.409245 24.380411 34.299354 46.938323 63.577446 86.655647 122.639297 196.964322
4.500000 9.892592 16.409246 24.380429 34.299551 46.939708 63.583881 86.674634 122.671951 197.062572
4.500000 9.892592 16.409247 24.380446 34.299737 46.941033 63.590114 86.693245 122.704058 197.158853
4.500000 9.892592 16.409248 24.380462 34.299913 46.942302 63.596151 86.711485 122.735626 197.253209
4.500000 9.892592 16.409249 24.380477 34.300079 46.943516 63.601997 86.729358 122.766660 197.345682
4.500000 9.892592 16.409250 24.380491 34.300236 46.944677 63.607658 86.746870 122.797247 197.436311
4.500000 9.892592 16.409251 24.380505 34.300385 46.945788 63.613138 86.764027 122.827573 197.525139
4.500000 9.892592 16.409251 24.380517 34.300525 46.946852 63.618444 86.780834 122.857635 197.612212
4.500000 9.892592 16.409252 24.380528 34.300658 46.947869 63.623581 86.797296 122.887433 197.697575
4.500000 9.892592 16.409252 24.380539 34.300784 46.948841 63.628552 86.813417 122.916963 197.781271
4.500000 9.892592 16.409253 24.380549 34.300902 46.949772 63.633364 86.829205 122.946226 197.863341
4.500000 9.892592 16.409253 24.380558 34.301014 46.950662 63.638020 86.844663 122.975219 197.943828
4.500000 9.892592 16.409254 24.380567 34.301120 46.951513 63.642526 86.859797 123.003941 198.022770
4.500000 9.892592 16.409254 24.380575 34.301220 46.952326 63.646885 86.874612 123.032391 198.100205
4.500000 9.892592 16.409255 24.380582 34.301315 46.953104 63.651103 86.889114 123.060569 198.176170
4.500000 9.892592 16.409255 24.380590 34.301404 46.953848 63.655183 86.903307 123.088473 198.250702
4.500000 9.892592 16.409255 24.380596 34.301489 46.954559 63.659129 86.917196 123.116103 198.323835
4.500000 9.892593 16.409256 24.380602 34.301569 46.955239 63.662947 86.930788 123.143458 198.395603
4.500000 9.892593 16.409256 24.380608 34.301644 46.955889 63.666638 86.944086 123.170538 198.466039
4.500000 9.892593 16.409256 24.380613 34.301715 46.956510 63.670208 86.957096 123.197343 198.535174
4.500000 9.892593 16.409256 24.380618 34.301782 46.957104 63.673660 86.969822 123.223871 198.603039
4.500000 9.892593 16.409257 24.380623 34.301846 46.957671 63.676998 86.982271 123.250123 198.669664
4.500000 9.892593 16.409257 24.380627 34.301906 46.958213 63.680225 86.994446 123.276100 198.735078
4.500000 9.892593 16.409257 24.380631 34.301962 46.958731 63.683345 87.006353 123.301800 198.799309
4.500000 9.892593 16.409257 24.380635 34.302016 46.959226 63.686360 87.017996 123.327224 198.862383
4.500000 9.892593 16.409257 24.380639 34.302066 46.959699 63.689275 87.029380 123.352373 198.924329
4.500000 9.892593 16.409258 24.380642 34.302114 46.960150 63.692092 87.040510 123.377247 198.985170
4.500000 9.892593 16.409258 24.380645 34.302159 46.960582 63.694814 87.051391 123.401845 199.044932
4.500000 9.892593 16.409258 24.380648 34.302202 46.960994 63.697445 87.062027 123.426169 199.103640
4.500000 9.892593 16.409258 24.380651 34.302242 46.961388 63.699987 87.072423 123.450220 199.161315
4.500000 9.892593 16.409258 24.380653 34.302280 46.961764 63.702443 87.082583 123.473997 199.217983
4.500000 9.892593 16.409258 24.380656 34.302315 46.962123 63.704816 87.092512 123.497502 199.273663
4.500000 9.892593 16.409258 24.380658 34.302349 46.962466 63.707108 87.102215 123.520736 199.328378
4.500000 9.892593 16.409258 24.380660 34.302381 46.962793 63.709322 87.111695 123.543699 199.382149
4.500000 9.892593 16.409258 24.380662 34.302411 46.963106 63.711461 87.120957 123.566392 199.434995
4.500000 9.892593 16.409258 24.380663 34.302439 46.963405 63.713527 87.130005 123.588817 199.486937
4.500000 9.892593 16.409259 24.380665 34.302466 46.963690 63.715522 87.138844 123.610974 199.537994
4.500000 9.892593 16.409259 24.380667 34.302491 46.963962 63.717449 87.147478 123.632865 199.588183
4.500000 9.892593 16.409259 24.380668 34.302515 46.964222 63.719309 87.155911 123.654490 199.637524
4.500000 9.892593 16.409259 24.380669 34.302538 46.964470 63.721106 87.164146 123.675852 199.686033
4.500000 9.892593 16.409259 24.380671 34.302559 46.964707 63.722840 87.172188 123.696951 199.733829
4.500000 9.892593 16.409259 24.380672 34.302579 46.964932 63.724515 87.180041 123.717789 199.781091
4.500000 9.892593 16.409259 24.380673 34.302598 46.965148 63.726132 87.187708 123.738368 199.827825
4.500000 9.892593 16.409259 24.380674 34.302616 46.965354 63.727692 87.195194 123.758688 199.874036
4.500000 9.892593 16.409259 24.380675 34.302633 46.965550 63.729199 87.202503 123.778751 199.919729
4.500000 9.892593 16.409259 24.380676 34.302648 46.965738 63.730653 87.209637 123.798560 199.964910
4.500000 9.892593 16.409259 24.380677 34.302663 46.965917 63.732056 87.216601 123.818114 200.009583
4.500000 9.892593 16.409259 24.380677 34.302678 46.966087 63.733411 87.223398 123.837417 200.053753
4.500000 9.892593 16.409259 24.380678 34.302691 46.966250 63.734718 87.230031 123.856470 200.097427
4.500000 9.892593 16.409259 24.380679 34.302703 46.966406 63.735979 87.236505 123.875275 200.140607
4.500000 9.892593 16.409259 24.380679 34.302715 46.966554 63.737196 87.242823 123.893833 200.183301
4.500000 9.892593 16.409259 24.380680 34.302726 46.966695 63.738370 87.248987 123.912146 200.225511
4.500000 9.892593 16.409259 24.380680 34.302737 46.966830 63.739503 87.255002 123.930216 200.267244
4.500000 9.892593 16.409259 24.380681 34.302747 46.966959 63.740596 87.260871 123.948045 200.308504
4.500000 9.892593 16.409259 24.380681 34.302756 46.967082 63.741651 87.266596 123.965635 200.349294
4.500000 9.892593 16.409259 24.380682 34.302765 46.967199 63.742668 87.272181 123.982988 200.389621
4.500000 9.892593 16.409259 24.380682 34.302773 46.967310 63.743649 87.277629 124.000105 200.429489
4.500000 9.892593 16.409259 24.380683 34.302781 46.967417 63.744596 87.282943 124.016989 200.468901
4.500000 9.892593 16.409259 24.380683 34.302789 46.967518 63.745509 87.288126 124.033641 200.507863
4.500000 9.892593 16.409259 24.380683 34.302796 46.967615 63.746389 87.293180 124.050064 200.546378
4.500000 9.892593 16.409259 24.380684 34.302802 46.967708 63.747238 87.298110 124.066260 200.584452
4.500000 9.892593 16.409259 24.380684 34.302809 46.967796 63.748057 87.302917 124.082230 200.622088
4.500000 9.892593 16.409259 24.380684 34.302814 46.967880 63.748846 87.307605 124.097977 200.659291
4.500000 9.892593 16.409259 24.380684 34.302820 46.967960 63.749608 87.312175 124.113503 200.696065
4.500000 9.892593 16.409259 24.380685 34.302825 46.968036 63.750342 87.316632 124.128810 200.732413
4.500000 9.892593 16.409259 24.380685 34.302830 46.968109 63.751050 87.320976 124.143900 200.768341
4.500000 9.892593 16.409259 24.380685 34.302835 46.968178 63.751732 87.325212 124.158774 200.803853
4.500000 9.892593 16.409259 24.380685 34.302839 46.968244 63.752390 87.329341 124.173437 200.838951
4.500000 9.892593 16.409259 24.380685 34.302843 46.968307 63.753024 87.333366 124.187888 200.873641
4.500000 9.892593 16.409259 24.380686 34.302847 46.968368 63.753635 87.337289 124.202131 200.907926
4.500000 9.892593 16.409259 24.380686 34.302851 46.968425 63.754225 87.341112 124.216167 200.941810
4.500000 9.892593 16.409259 24.380686 34.302854 46.968479 63.754793 87.344839 124.230000 200.975297
4.500000 9.892593 16.409259 24.380686 34.302857 46.968532 63.755340 87.348471 124.243630 201.008391
4.500000 9.892593 16.409259 24.380686 34.302860 46.968581 63.755868 87.352010 124.257060 201.041096
4.500000 9.892593 16.409259 24.380686 34.302863 46.968628 63.756376 87.355459 124.270292 201.073415
4.500000 9.892593 16.409259 24.380686 34.302866 46.968674 63.756866 87.358820 124.283329 201.105353
4.500000 9.892593 16.409259 24.380686 34.302869 46.968716 63.757339 87.362095 124.296172 201.136912
4.500000 9.892593 16.409259 24.380687 34.302871 46.968757 63.757794 87.365286 124.308824 201.168097
4.500000 9.892593 16.409259 24.380687 34.302873 46.968796 63.758232 87.368394 124.321286 201.198912
4.500000 9.892593 16.409259 24.380687 34.302875 46.968834 63.758655 87.371423 124.333562 201.229359
4.500000 9.892593 16.409259 24.380687 34.302877 46.968869 63.759062 87.374373 124.345652 201.259443
4.500000 9.892593 16.409259 24.380687 34.302879 46.968903 63.759454 87.377247 124.357560 201.289168
4.500000 9.892593 16.409259 24.380687 34.302881 46.968935 63.759832 87.380047 124.369287 201.318535
4.500000 9.892593 16.409259 24.380687 34.302883 46.968966 63.760196 87.382773 124.380836 201.347550
4.500000 9.892593 16.409259 24.380687 34.302884 46.968995 63.760547 87.385429 124.392208 201.376216
4.500000 9.892593 16.409259 24.380687 34.302886 46.969023 63.760885 87.388016 124.403406 201.404536
4.500000 9.892593 16.409259 24.380687 34.302887 46.969049 63.761211 87.390536 124.414431 201.432513
4.500000 9.892593 16.409259 24.380687 34.302889 46.969074 63.761524 87.392989 124.425287 201.460152
4.500000 9.892593 16.409259 24.380687 34.302890 46.969098 63.761826 87.395379 124.435974 201.487454
4.500000 9.892593 16.409259 24.380687 34.302891 46.969121 63.762117 87.397705 124.446495 201.514425
4.500000 9.892593 16.409259 24.380687 34.302892 46.969143 63.762397 87.399971 124.456853 201.541066
4.500000 9.892593 16.409259 24.380687 34.302893 46.969164 63.762667 87.402177 124.467049 201.567382
4.500000 9.892593 16.409259 24.380687 34.302894 46.969184 63.762927 87.404325 124.477085 201.593375
4.500000 9.892593 16.409259 24.380687 34.302895 46.969203 63.763177 87.406417 124.486963 201.619049
4.500000 9.892593 16.409259 24.380687 34.302896 46.969220 63.763418 87.408453 124.496685 201.644408
4.500000 9.892593 16.409259 24.380687 34.302897 46.969238 63.763650 87.410435 124.506254 201.669453
4.500000 9.892593 16.409259 24.380688 34.302898 46.969254 63.763874 87.412365 124.515671 201.694189
4.500000 9.892593 16.409259 24.380688 34.302898 46.969269 63.764089 87.414243 124.524938 201.718619
4.500000 9.892593 16.409259 24.380688 34.302899 46.969284 63.764296 87.416072 124.534057 201.742745
4.500000 9.892593 16.409259 24.380688 34.302900 46.969298 63.764496 87.417852 124.543031 201.766572
4.500000 9.892593 16.409259 24.380688 34.302900 46.969312 63.764688 87.419585 124.551861 201.790101
4.500000 9.892593 16.409259 24.380688 34.302901 46.969324 63.764873 87.421271 124.560549 201.813336
4.500000 9.892593 16.409259 24.380688 34.302901 46.969337 63.765051 87.422913 124.569096 201.836280
4.500000 9.892593 16.409259 24.380688 34.302902 46.969348 63.765222 87.424510 124.577506 201.858936
4.500000 9.892593 16.409259 24.380688 34.302902 46.969359 63.765387 87.426065 124.585779 201.881308
4.500000 9.892593 16.409259 24.380688 34.302903 46.969370 63.765546 87.427578 124.593919 201.903397
4.500000 9.892593 16.409259 24.380688 34.302903 46.969380 63.765699 87.429050 124.601925 201.925208
4.500000 9.892593 16.409259 24.380688 34.302904 46.969389 63.765846 87.430483 124.609801 201.946742
4.500000 9.892593 16.409259 24.380688 34.302904 46.969398 63.765988 87.431877 124.617548 201.968003
4.500000 9.892593 16.409259 24.380688 34.302904 46.969407 63.766124 87.433234 124.625168 201.988994
4.500000 9.892593 16.409259 24.380688 34.302905 46.969415 63.766256 87.434554 124.632662 202.009718
4.500000 9.892593 16.409259 24.380688 34.302905 46.969423 63.766382 87.435838 124.640034 202.030177
